1.060000000000000000e+04
5.296000000000000000e+03
3.042000000000000000e+03
3.818000000000000000e+03
4.888000000000000000e+03
6.361000000000000000e+03
2.059000000000000000e+03
1.058700000000000000e+04
5.669000000000000000e+03
8.406000000000000000e+03
1.109300000000000000e+04
6.631000000000000000e+03
6.047000000000000000e+03
2.048000000000000000e+03
5.439000000000000000e+03
2.408000000000000000e+03
8.356000000000000000e+03
5.622000000000000000e+03
9.285000000000000000e+03
9.941000000000000000e+03
9.746000000000000000e+03
4.204000000000000000e+03
9.832000000000000000e+03
6.696000000000000000e+03
7.738000000000000000e+03
4.324000000000000000e+03
1.079100000000000000e+04
2.424000000000000000e+03
9.294000000000000000e+03
1.568000000000000000e+03
3.234000000000000000e+03
4.094000000000000000e+03
5.310000000000000000e+03
4.872000000000000000e+03
2.758000000000000000e+03
1.141100000000000000e+04
9.346000000000000000e+03
5.197000000000000000e+03
1.139500000000000000e+04
7.841000000000000000e+03
1.047000000000000000e+03
1.066200000000000000e+04
3.298000000000000000e+03
9.996000000000000000e+03
7.081000000000000000e+03
9.071000000000000000e+03
2.030000000000000000e+03
6.818000000000000000e+03
4.909000000000000000e+03
1.949000000000000000e+03
1.520000000000000000e+02
4.350000000000000000e+02
2.779000000000000000e+03
2.914000000000000000e+03
7.615000000000000000e+03
9.812000000000000000e+03
9.288000000000000000e+03
1.004100000000000000e+04
7.463000000000000000e+03
3.844000000000000000e+03
3.981000000000000000e+03
8.817000000000000000e+03
1.060700000000000000e+04
7.644000000000000000e+03
3.385000000000000000e+03
3.025000000000000000e+03
6.963000000000000000e+03
7.646000000000000000e+03
5.887000000000000000e+03
1.100100000000000000e+04
7.880000000000000000e+03
1.587000000000000000e+03
4.441000000000000000e+03
8.313000000000000000e+03
7.555000000000000000e+03
1.079000000000000000e+03
8.207000000000000000e+03
5.867000000000000000e+03
3.102000000000000000e+03
1.055600000000000000e+04
5.209000000000000000e+03
2.467000000000000000e+03
1.099000000000000000e+03
1.120700000000000000e+04
3.517000000000000000e+03
7.130000000000000000e+02
6.083000000000000000e+03
4.173000000000000000e+03
2.201000000000000000e+03
7.379000000000000000e+03
7.363000000000000000e+03
1.885000000000000000e+03
1.152000000000000000e+03
1.599000000000000000e+03
9.256000000000000000e+03
2.334000000000000000e+03
7.396000000000000000e+03
1.560000000000000000e+03
3.100000000000000000e+02
1.255000000000000000e+03
1.914000000000000000e+03
1.138000000000000000e+04
1.021100000000000000e+04
2.351000000000000000e+03
6.044000000000000000e+03
6.821000000000000000e+03
1.061300000000000000e+04
5.440000000000000000e+02
7.821000000000000000e+03
5.181000000000000000e+03
4.283000000000000000e+03
7.351000000000000000e+03
4.143000000000000000e+03
4.059000000000000000e+03
7.745000000000000000e+03
6.733000000000000000e+03
5.443000000000000000e+03
9.087000000000000000e+03
8.610000000000000000e+02
2.000000000000000000e+01
9.320000000000000000e+03
9.312000000000000000e+03
2.621000000000000000e+03
8.499000000000000000e+03
2.422000000000000000e+03
2.176000000000000000e+03
3.811000000000000000e+03
7.245000000000000000e+03
6.510000000000000000e+02
8.730000000000000000e+03
1.044800000000000000e+04
8.600000000000000000e+01
1.322000000000000000e+03
7.824000000000000000e+03
5.795000000000000000e+03
8.078000000000000000e+03
4.564000000000000000e+03
5.023000000000000000e+03
8.140000000000000000e+03
9.259000000000000000e+03
1.019400000000000000e+04
5.615000000000000000e+03
8.241000000000000000e+03
3.775000000000000000e+03
1.127300000000000000e+04
6.140000000000000000e+03
1.155500000000000000e+04
4.447000000000000000e+03
2.346000000000000000e+03
6.984000000000000000e+03
7.903000000000000000e+03
9.998000000000000000e+03
8.979000000000000000e+03
1.043100000000000000e+04
5.306000000000000000e+03
1.955000000000000000e+03
9.471000000000000000e+03
5.079000000000000000e+03
3.933000000000000000e+03
2.065000000000000000e+03
4.964000000000000000e+03
4.096000000000000000e+03
5.043000000000000000e+03
4.770000000000000000e+02
7.790000000000000000e+02
3.124000000000000000e+03
8.894000000000000000e+03
1.089000000000000000e+03
8.937000000000000000e+03
9.304000000000000000e+03
9.165000000000000000e+03
9.817000000000000000e+03
1.045000000000000000e+03
7.500000000000000000e+02
5.030000000000000000e+03
7.088000000000000000e+03
4.247000000000000000e+03
1.025000000000000000e+04
1.086800000000000000e+04
9.044000000000000000e+03
8.959000000000000000e+03
1.010300000000000000e+04
1.126800000000000000e+04
8.355000000000000000e+03
7.676000000000000000e+03
1.025700000000000000e+04
1.123400000000000000e+04
7.850000000000000000e+03
3.577000000000000000e+03
1.602000000000000000e+03
4.436000000000000000e+03
2.229000000000000000e+03
8.011000000000000000e+03
7.384000000000000000e+03
2.079000000000000000e+03
6.986000000000000000e+03
1.073500000000000000e+04
8.073000000000000000e+03
1.515000000000000000e+03
7.184000000000000000e+03
3.804000000000000000e+03
5.308000000000000000e+03
4.430000000000000000e+03
1.960000000000000000e+03
1.918000000000000000e+03
4.103000000000000000e+03
8.531000000000000000e+03
1.000000000000000000e+02
6.116000000000000000e+03
2.369000000000000000e+03
5.272000000000000000e+03
2.589000000000000000e+03
2.414000000000000000e+03
4.962000000000000000e+03
4.388000000000000000e+03
9.377000000000000000e+03
1.055200000000000000e+04
1.140400000000000000e+04
1.535000000000000000e+03
1.747000000000000000e+03
2.135000000000000000e+03
3.199000000000000000e+03
2.457000000000000000e+03
9.075000000000000000e+03
4.465000000000000000e+03
4.331000000000000000e+03
9.514000000000000000e+03
4.783000000000000000e+03
2.860000000000000000e+02
9.898000000000000000e+03
1.127900000000000000e+04
9.560000000000000000e+03
1.433000000000000000e+03
7.820000000000000000e+03
4.116000000000000000e+03
5.821000000000000000e+03
3.546000000000000000e+03
6.725000000000000000e+03
1.228000000000000000e+03
8.822000000000000000e+03
8.950000000000000000e+03
6.607000000000000000e+03
2.472000000000000000e+03
8.265000000000000000e+03
4.454000000000000000e+03
9.757000000000000000e+03
7.688000000000000000e+03
9.455000000000000000e+03
8.095000000000000000e+03
6.841000000000000000e+03
9.447000000000000000e+03
3.323000000000000000e+03
9.245000000000000000e+03
1.019300000000000000e+04
1.044500000000000000e+04
3.500000000000000000e+01
1.110200000000000000e+04
1.548000000000000000e+03
4.310000000000000000e+02
3.519000000000000000e+03
2.302000000000000000e+03
1.042700000000000000e+04
8.087000000000000000e+03
1.096000000000000000e+03
1.892000000000000000e+03
7.300000000000000000e+01
1.649000000000000000e+03
1.905000000000000000e+03
8.413000000000000000e+03
1.053200000000000000e+04
2.488000000000000000e+03
1.024600000000000000e+04
1.350000000000000000e+02
1.657000000000000000e+03
6.171000000000000000e+03
1.077100000000000000e+04
2.929000000000000000e+03
6.488000000000000000e+03
8.294000000000000000e+03
2.816000000000000000e+03
1.508000000000000000e+03
5.690000000000000000e+03
3.700000000000000000e+02
1.058000000000000000e+04
9.144000000000000000e+03
9.797000000000000000e+03
4.794000000000000000e+03
2.910000000000000000e+03
1.790000000000000000e+03
1.940000000000000000e+03
1.040500000000000000e+04
1.199000000000000000e+03
2.793000000000000000e+03
3.969000000000000000e+03
3.796000000000000000e+03
7.757000000000000000e+03
6.151000000000000000e+03
9.104000000000000000e+03
2.111000000000000000e+03
1.007700000000000000e+04
1.066600000000000000e+04
3.255000000000000000e+03
8.236000000000000000e+03
7.208000000000000000e+03
6.459000000000000000e+03
1.018000000000000000e+04
9.084000000000000000e+03
3.576000000000000000e+03
3.716000000000000000e+03
1.201000000000000000e+03
5.503000000000000000e+03
5.378000000000000000e+03
2.863000000000000000e+03
9.098000000000000000e+03
8.830000000000000000e+02
1.025200000000000000e+04
2.689000000000000000e+03
5.280000000000000000e+03
2.951000000000000000e+03
1.032000000000000000e+04
1.017200000000000000e+04
9.723000000000000000e+03
1.829000000000000000e+03
5.230000000000000000e+03
1.655000000000000000e+03
1.134200000000000000e+04
2.740000000000000000e+03
4.061000000000000000e+03
9.404000000000000000e+03
4.405000000000000000e+03
7.987000000000000000e+03
4.878000000000000000e+03
6.685000000000000000e+03
2.990000000000000000e+02
1.111500000000000000e+04
8.349000000000000000e+03
2.861000000000000000e+03
7.028000000000000000e+03
1.014300000000000000e+04
5.389000000000000000e+03
3.720000000000000000e+03
4.698000000000000000e+03
2.376000000000000000e+03
8.599000000000000000e+03
9.576000000000000000e+03
8.936000000000000000e+03
8.449000000000000000e+03
1.241000000000000000e+03
7.985000000000000000e+03
6.412000000000000000e+03
8.765000000000000000e+03
5.237000000000000000e+03
1.074200000000000000e+04
7.261000000000000000e+03
9.749000000000000000e+03
5.417000000000000000e+03
1.095100000000000000e+04
7.860000000000000000e+02
9.780000000000000000e+02
5.753000000000000000e+03
2.792000000000000000e+03
5.885000000000000000e+03
6.196000000000000000e+03
6.919000000000000000e+03
9.429000000000000000e+03
2.548000000000000000e+03
6.778000000000000000e+03
4.460000000000000000e+02
1.101600000000000000e+04
4.721000000000000000e+03
7.144000000000000000e+03
6.760000000000000000e+02
8.036000000000000000e+03
6.336000000000000000e+03
7.042000000000000000e+03
2.617000000000000000e+03
9.370000000000000000e+02
6.109000000000000000e+03
1.012000000000000000e+03
1.980000000000000000e+02
4.670000000000000000e+03
1.492000000000000000e+03
6.823000000000000000e+03
3.806000000000000000e+03
3.509000000000000000e+03
1.103000000000000000e+04
1.133000000000000000e+04
5.626000000000000000e+03
8.631000000000000000e+03
5.923000000000000000e+03
7.410000000000000000e+02
5.031000000000000000e+03
7.767000000000000000e+03
6.603000000000000000e+03
5.853000000000000000e+03
9.128000000000000000e+03
1.816000000000000000e+03
8.550000000000000000e+02
1.020000000000000000e+02
8.836000000000000000e+03
3.821000000000000000e+03
6.630000000000000000e+02
5.642000000000000000e+03
4.820000000000000000e+02
2.068000000000000000e+03
2.702000000000000000e+03
2.634000000000000000e+03
4.544000000000000000e+03
4.889000000000000000e+03
2.520000000000000000e+03
2.082000000000000000e+03
9.670000000000000000e+03
7.870000000000000000e+02
2.100000000000000000e+01
7.956000000000000000e+03
1.111100000000000000e+04
1.015700000000000000e+04
1.063500000000000000e+04
7.840000000000000000e+03
9.859000000000000000e+03
8.595000000000000000e+03
2.831000000000000000e+03
5.062000000000000000e+03
5.905000000000000000e+03
5.523000000000000000e+03
1.138000000000000000e+03
8.517000000000000000e+03
5.640000000000000000e+02
1.896000000000000000e+03
1.439000000000000000e+03
3.090000000000000000e+03
4.083000000000000000e+03
1.081600000000000000e+04
7.828000000000000000e+03
2.531000000000000000e+03
3.116000000000000000e+03
2.729000000000000000e+03
7.274000000000000000e+03
2.718000000000000000e+03
1.161000000000000000e+03
3.561000000000000000e+03
3.616000000000000000e+03
5.298000000000000000e+03
7.531000000000000000e+03
2.748000000000000000e+03
2.444000000000000000e+03
6.670000000000000000e+03
6.738000000000000000e+03
9.238000000000000000e+03
2.037000000000000000e+03
2.410000000000000000e+02
2.443000000000000000e+03
8.502000000000000000e+03
3.129000000000000000e+03
8.300000000000000000e+01
3.174000000000000000e+03
5.396000000000000000e+03
2.411000000000000000e+03
4.134000000000000000e+03
5.781000000000000000e+03
1.127700000000000000e+04
4.383000000000000000e+03
5.295000000000000000e+03
1.123100000000000000e+04
9.799000000000000000e+03
6.935000000000000000e+03
8.379000000000000000e+03
7.289000000000000000e+03
2.117000000000000000e+03
1.072700000000000000e+04
8.610000000000000000e+03
5.313000000000000000e+03
7.802000000000000000e+03
1.095700000000000000e+04
9.732000000000000000e+03
8.734000000000000000e+03
1.077400000000000000e+04
3.736000000000000000e+03
5.309000000000000000e+03
1.121400000000000000e+04
4.012000000000000000e+03
1.043800000000000000e+04
7.367000000000000000e+03
1.099600000000000000e+04
1.620000000000000000e+02
5.078000000000000000e+03
6.441000000000000000e+03
6.002000000000000000e+03
2.854000000000000000e+03
6.009000000000000000e+03
4.403000000000000000e+03
2.490000000000000000e+02
2.498000000000000000e+03
7.888000000000000000e+03
7.894000000000000000e+03
6.597000000000000000e+03
4.200000000000000000e+02
2.767000000000000000e+03
2.620000000000000000e+02
3.062000000000000000e+03
7.469000000000000000e+03
9.790000000000000000e+03
3.336000000000000000e+03
4.985000000000000000e+03
5.989000000000000000e+03
1.085700000000000000e+04
2.791000000000000000e+03
7.724000000000000000e+03
7.053000000000000000e+03
2.283000000000000000e+03
1.639000000000000000e+03
8.205000000000000000e+03
2.776000000000000000e+03
4.375000000000000000e+03
1.089800000000000000e+04
1.124700000000000000e+04
4.702000000000000000e+03
1.088000000000000000e+03
4.489000000000000000e+03
7.696000000000000000e+03
2.190000000000000000e+02
9.371000000000000000e+03
1.103900000000000000e+04
8.854000000000000000e+03
8.518000000000000000e+03
5.015000000000000000e+03
1.030000000000000000e+04
5.514000000000000000e+03
4.100000000000000000e+02
2.632000000000000000e+03
8.209000000000000000e+03
9.512000000000000000e+03
7.835000000000000000e+03
5.212000000000000000e+03
9.314000000000000000e+03
3.038000000000000000e+03
6.343000000000000000e+03
5.400000000000000000e+02
8.956000000000000000e+03
6.416000000000000000e+03
3.034000000000000000e+03
2.087000000000000000e+03
4.400000000000000000e+02
1.041100000000000000e+04
2.652000000000000000e+03
1.003600000000000000e+04
3.832000000000000000e+03
7.166000000000000000e+03
6.605000000000000000e+03
6.310000000000000000e+02
4.480000000000000000e+02
2.428000000000000000e+03
1.303000000000000000e+03
1.311000000000000000e+03
5.879000000000000000e+03
5.934000000000000000e+03
9.493000000000000000e+03
7.850000000000000000e+02
1.020100000000000000e+04
5.100000000000000000e+03
1.017900000000000000e+04
2.078000000000000000e+03
8.554000000000000000e+03
8.505000000000000000e+03
8.792000000000000000e+03
9.587000000000000000e+03
1.059000000000000000e+04
4.890000000000000000e+02
9.829000000000000000e+03
1.965000000000000000e+03
7.495000000000000000e+03
1.004200000000000000e+04
7.583000000000000000e+03
7.361000000000000000e+03
4.338000000000000000e+03
7.272000000000000000e+03
2.178000000000000000e+03
2.865000000000000000e+03
6.929000000000000000e+03
4.343000000000000000e+03
3.471000000000000000e+03
2.723000000000000000e+03
5.380000000000000000e+03
9.987000000000000000e+03
4.496000000000000000e+03
1.058800000000000000e+04
1.859000000000000000e+03
1.083000000000000000e+04
2.561000000000000000e+03
8.256000000000000000e+03
7.543000000000000000e+03
2.271000000000000000e+03
1.540000000000000000e+03
9.734000000000000000e+03
9.774000000000000000e+03
1.140500000000000000e+04
1.867000000000000000e+03
4.279000000000000000e+03
4.663000000000000000e+03
6.806000000000000000e+03
1.943000000000000000e+03
2.184000000000000000e+03
5.758000000000000000e+03
2.527000000000000000e+03
9.602000000000000000e+03
1.410000000000000000e+03
3.767000000000000000e+03
6.369000000000000000e+03
4.223000000000000000e+03
1.082900000000000000e+04
4.808000000000000000e+03
5.889000000000000000e+03
9.355000000000000000e+03
8.700000000000000000e+03
9.020000000000000000e+03
9.582000000000000000e+03
7.954000000000000000e+03
5.131000000000000000e+03
5.388000000000000000e+03
4.993000000000000000e+03
4.421000000000000000e+03
3.834000000000000000e+03
7.820000000000000000e+02
5.200000000000000000e+02
2.869000000000000000e+03
8.380000000000000000e+02
4.416000000000000000e+03
7.334000000000000000e+03
4.104000000000000000e+03
1.401000000000000000e+03
2.034000000000000000e+03
4.313000000000000000e+03
1.118400000000000000e+04
4.181000000000000000e+03
1.107300000000000000e+04
7.249000000000000000e+03
5.148000000000000000e+03
1.010100000000000000e+04
4.170000000000000000e+03
7.054000000000000000e+03
3.204000000000000000e+03
4.474000000000000000e+03
3.628000000000000000e+03
3.005000000000000000e+03
9.522000000000000000e+03
6.710000000000000000e+02
3.251000000000000000e+03
1.929000000000000000e+03
8.666000000000000000e+03
2.961000000000000000e+03
1.102000000000000000e+03
6.270000000000000000e+02
4.186000000000000000e+03
9.400000000000000000e+01
3.837000000000000000e+03
4.404000000000000000e+03
8.299000000000000000e+03
3.292000000000000000e+03
8.235000000000000000e+03
1.457000000000000000e+03
7.897000000000000000e+03
7.486000000000000000e+03
1.035400000000000000e+04
4.656000000000000000e+03
7.232000000000000000e+03
1.038600000000000000e+04
7.650000000000000000e+02
4.500000000000000000e+01
5.526000000000000000e+03
2.493000000000000000e+03
8.170000000000000000e+03
1.105300000000000000e+04
5.997000000000000000e+03
6.440000000000000000e+02
3.999000000000000000e+03
1.874000000000000000e+03
2.060000000000000000e+03
5.513000000000000000e+03
1.042600000000000000e+04
3.698000000000000000e+03
3.651000000000000000e+03
4.018000000000000000e+03
1.081100000000000000e+04
8.361000000000000000e+03
8.189000000000000000e+03
8.916000000000000000e+03
5.691000000000000000e+03
6.971000000000000000e+03
1.644000000000000000e+03
2.810000000000000000e+02
9.900000000000000000e+02
1.076700000000000000e+04
6.516000000000000000e+03
8.352000000000000000e+03
5.965000000000000000e+03
1.048400000000000000e+04
5.163000000000000000e+03
1.119700000000000000e+04
4.989000000000000000e+03
6.252000000000000000e+03
1.155300000000000000e+04
3.732000000000000000e+03
7.332000000000000000e+03
8.309000000000000000e+03
5.557000000000000000e+03
3.862000000000000000e+03
6.266000000000000000e+03
1.014600000000000000e+04
1.017300000000000000e+04
7.775000000000000000e+03
1.001000000000000000e+04
9.917000000000000000e+03
3.880000000000000000e+02
3.335000000000000000e+03
1.893000000000000000e+03
9.910000000000000000e+03
6.323000000000000000e+03
1.061700000000000000e+04
8.400000000000000000e+03
7.631000000000000000e+03
8.472000000000000000e+03
3.408000000000000000e+03
1.060400000000000000e+04
3.676000000000000000e+03
9.143000000000000000e+03
1.421000000000000000e+03
6.309000000000000000e+03
5.888000000000000000e+03
1.391000000000000000e+03
5.394000000000000000e+03
1.690000000000000000e+02
3.725000000000000000e+03
1.123000000000000000e+03
4.902000000000000000e+03
2.876000000000000000e+03
4.515000000000000000e+03
9.410000000000000000e+03
1.036800000000000000e+04
5.290000000000000000e+02
2.081000000000000000e+03
7.432000000000000000e+03
7.068000000000000000e+03
4.780000000000000000e+02
6.609000000000000000e+03
1.142100000000000000e+04
3.370000000000000000e+03
4.019000000000000000e+03
5.545000000000000000e+03
5.201000000000000000e+03
5.436000000000000000e+03
7.459000000000000000e+03
2.246000000000000000e+03
4.550000000000000000e+02
9.196000000000000000e+03
1.091900000000000000e+04
4.991000000000000000e+03
5.351000000000000000e+03
4.092000000000000000e+03
2.504000000000000000e+03
7.107000000000000000e+03
9.650000000000000000e+03
9.872000000000000000e+03
1.180000000000000000e+02
4.971000000000000000e+03
2.183000000000000000e+03
1.141300000000000000e+04
7.180000000000000000e+03
5.500000000000000000e+01
7.061000000000000000e+03
9.754000000000000000e+03
2.113000000000000000e+03
1.086600000000000000e+04
8.728000000000000000e+03
1.106800000000000000e+04
1.582000000000000000e+03
3.706000000000000000e+03
5.901000000000000000e+03
1.828000000000000000e+03
2.379000000000000000e+03
1.462000000000000000e+03
1.063000000000000000e+04
1.880000000000000000e+03
2.501000000000000000e+03
1.935000000000000000e+03
2.437000000000000000e+03
4.363000000000000000e+03
1.090500000000000000e+04
1.562000000000000000e+03
9.005000000000000000e+03
1.667000000000000000e+03
1.028700000000000000e+04
1.035000000000000000e+03
3.059000000000000000e+03
2.892000000000000000e+03
1.558000000000000000e+03
7.529000000000000000e+03
4.554000000000000000e+03
4.798000000000000000e+03
4.333000000000000000e+03
7.760000000000000000e+03
5.064000000000000000e+03
6.152000000000000000e+03
4.896000000000000000e+03
7.089000000000000000e+03
1.092500000000000000e+04
3.348000000000000000e+03
6.864000000000000000e+03
7.025000000000000000e+03
1.011900000000000000e+04
4.944000000000000000e+03
7.428000000000000000e+03
1.460000000000000000e+03
6.035000000000000000e+03
8.054000000000000000e+03
5.810000000000000000e+03
1.048900000000000000e+04
3.624000000000000000e+03
1.305000000000000000e+03
1.176000000000000000e+03
1.025100000000000000e+04
4.857000000000000000e+03
8.210000000000000000e+03
1.039100000000000000e+04
2.316000000000000000e+03
3.622000000000000000e+03
9.750000000000000000e+02
2.240000000000000000e+03
1.913000000000000000e+03
2.468000000000000000e+03
8.065000000000000000e+03
7.798000000000000000e+03
1.146100000000000000e+04
7.318000000000000000e+03
3.906000000000000000e+03
8.699000000000000000e+03
3.730000000000000000e+02
1.071600000000000000e+04
9.620000000000000000e+03
8.622000000000000000e+03
9.951000000000000000e+03
6.340000000000000000e+03
1.095500000000000000e+04
4.195000000000000000e+03
8.151000000000000000e+03
2.665000000000000000e+03
8.732000000000000000e+03
2.282000000000000000e+03
1.336000000000000000e+03
3.882000000000000000e+03
8.512000000000000000e+03
5.848000000000000000e+03
8.703000000000000000e+03
4.615000000000000000e+03
4.163000000000000000e+03
2.879000000000000000e+03
4.539000000000000000e+03
1.083600000000000000e+04
9.438000000000000000e+03
3.581000000000000000e+03
2.465000000000000000e+03
3.470000000000000000e+02
2.400000000000000000e+02
9.443000000000000000e+03
6.401000000000000000e+03
6.627000000000000000e+03
6.189000000000000000e+03
1.015500000000000000e+04
6.113000000000000000e+03
1.533000000000000000e+03
5.110000000000000000e+02
1.575000000000000000e+03
7.386000000000000000e+03
6.728000000000000000e+03
9.580000000000000000e+02
1.152100000000000000e+04
1.145700000000000000e+04
7.192000000000000000e+03
3.541000000000000000e+03
9.605000000000000000e+03
5.951000000000000000e+03
1.133900000000000000e+04
9.181000000000000000e+03
2.750000000000000000e+03
9.388000000000000000e+03
8.193000000000000000e+03
3.764000000000000000e+03
3.549000000000000000e+03
5.339000000000000000e+03
8.360000000000000000e+03
7.431000000000000000e+03
1.689000000000000000e+03
7.930000000000000000e+02
1.140200000000000000e+04
2.396000000000000000e+03
4.871000000000000000e+03
8.018000000000000000e+03
5.437000000000000000e+03
8.443000000000000000e+03
9.467000000000000000e+03
2.051000000000000000e+03
4.968000000000000000e+03
7.927000000000000000e+03
5.119000000000000000e+03
2.845000000000000000e+03
8.264000000000000000e+03
6.123000000000000000e+03
5.623000000000000000e+03
7.891000000000000000e+03
9.319000000000000000e+03
1.410000000000000000e+02
9.667000000000000000e+03
2.576000000000000000e+03
1.158000000000000000e+03
6.007000000000000000e+03
6.995000000000000000e+03
9.032000000000000000e+03
1.245000000000000000e+03
6.770000000000000000e+03
2.824000000000000000e+03
8.824000000000000000e+03
5.467000000000000000e+03
4.045000000000000000e+03
1.070700000000000000e+04
4.420000000000000000e+03
4.687000000000000000e+03
6.663000000000000000e+03
6.217000000000000000e+03
4.354000000000000000e+03
9.383000000000000000e+03
8.799000000000000000e+03
1.658000000000000000e+03
4.737000000000000000e+03
5.455000000000000000e+03
8.000000000000000000e+02
1.784000000000000000e+03
8.430000000000000000e+03
8.546000000000000000e+03
3.246000000000000000e+03
1.056100000000000000e+04
4.115000000000000000e+03
9.230000000000000000e+02
8.520000000000000000e+03
1.240000000000000000e+02
6.850000000000000000e+03
7.341000000000000000e+03
4.528000000000000000e+03
2.289000000000000000e+03
9.532000000000000000e+03
2.412000000000000000e+03
3.093000000000000000e+03
5.400000000000000000e+03
1.133100000000000000e+04
4.898000000000000000e+03
1.810000000000000000e+03
1.640000000000000000e+02
2.870000000000000000e+03
8.620000000000000000e+03
3.196000000000000000e+03
2.366000000000000000e+03
2.595000000000000000e+03
1.146500000000000000e+04
2.607000000000000000e+03
4.555000000000000000e+03
6.868000000000000000e+03
4.590000000000000000e+03
3.435000000000000000e+03
6.590000000000000000e+03
1.120000000000000000e+04
2.583000000000000000e+03
2.406000000000000000e+03
2.153000000000000000e+03
1.144400000000000000e+04
7.452000000000000000e+03
8.908000000000000000e+03
9.883000000000000000e+03
9.685000000000000000e+03
1.862000000000000000e+03
4.535000000000000000e+03
3.426000000000000000e+03
6.199000000000000000e+03
5.737000000000000000e+03
1.563000000000000000e+03
9.096000000000000000e+03
3.430000000000000000e+03
9.195000000000000000e+03
8.712000000000000000e+03
2.357000000000000000e+03
1.813000000000000000e+03
9.833000000000000000e+03
1.073400000000000000e+04
6.588000000000000000e+03
1.027900000000000000e+04
7.771000000000000000e+03
5.995000000000000000e+03
1.101100000000000000e+04
1.200000000000000000e+02
3.675000000000000000e+03
6.557000000000000000e+03
6.987000000000000000e+03
6.980000000000000000e+02
3.229000000000000000e+03
2.326000000000000000e+03
1.088400000000000000e+04
1.089900000000000000e+04
4.234000000000000000e+03
2.427000000000000000e+03
4.504000000000000000e+03
1.065200000000000000e+04
1.281000000000000000e+03
3.600000000000000000e+01
3.265000000000000000e+03
4.432000000000000000e+03
3.567000000000000000e+03
6.780000000000000000e+02
2.797000000000000000e+03
4.010000000000000000e+03
8.621000000000000000e+03
6.942000000000000000e+03
3.051000000000000000e+03
8.290000000000000000e+03
6.712000000000000000e+03
1.115000000000000000e+04
6.228000000000000000e+03
7.568000000000000000e+03
5.999000000000000000e+03
3.638000000000000000e+03
7.246000000000000000e+03
7.010000000000000000e+02
9.480000000000000000e+02
5.300000000000000000e+01
4.326000000000000000e+03
1.133400000000000000e+04
1.796000000000000000e+03
4.537000000000000000e+03
8.008000000000000000e+03
7.697000000000000000e+03
2.667000000000000000e+03
1.109900000000000000e+04
3.983000000000000000e+03
1.063100000000000000e+04
8.456000000000000000e+03
5.875000000000000000e+03
3.927000000000000000e+03
2.006000000000000000e+03
3.201000000000000000e+03
5.258000000000000000e+03
1.001700000000000000e+04
7.300000000000000000e+02
4.360000000000000000e+02
1.254000000000000000e+03
1.018800000000000000e+04
4.852000000000000000e+03
1.072800000000000000e+04
7.176000000000000000e+03
2.720000000000000000e+03
9.947000000000000000e+03
1.231000000000000000e+03
1.329000000000000000e+03
1.120100000000000000e+04
2.116000000000000000e+03
1.002500000000000000e+04
1.047800000000000000e+04
3.599000000000000000e+03
8.993000000000000000e+03
1.053600000000000000e+04
9.446000000000000000e+03
5.740000000000000000e+02
4.236000000000000000e+03
9.258000000000000000e+03
9.954000000000000000e+03
1.701000000000000000e+03
9.504000000000000000e+03
1.712000000000000000e+03
4.579000000000000000e+03
7.250000000000000000e+02
5.397000000000000000e+03
7.347000000000000000e+03
1.967000000000000000e+03
1.277000000000000000e+03
2.780000000000000000e+02
4.429000000000000000e+03
6.960000000000000000e+02
1.080000000000000000e+03
8.334000000000000000e+03
7.417000000000000000e+03
4.100000000000000000e+01
9.847000000000000000e+03
5.456000000000000000e+03
7.123000000000000000e+03
5.732000000000000000e+03
4.755000000000000000e+03
3.930000000000000000e+02
9.501000000000000000e+03
3.363000000000000000e+03
8.470000000000000000e+03
1.086900000000000000e+04
6.599000000000000000e+03
7.611000000000000000e+03
7.953000000000000000e+03
3.508000000000000000e+03
2.790000000000000000e+03
4.946000000000000000e+03
1.112200000000000000e+04
7.012000000000000000e+03
8.510000000000000000e+03
8.688000000000000000e+03
3.890000000000000000e+02
8.080000000000000000e+03
4.768000000000000000e+03
1.020400000000000000e+04
6.551000000000000000e+03
1.328000000000000000e+03
7.590000000000000000e+02
3.393000000000000000e+03
4.259000000000000000e+03
5.465000000000000000e+03
4.199000000000000000e+03
3.520000000000000000e+03
8.079000000000000000e+03
7.154000000000000000e+03
6.448000000000000000e+03
4.323000000000000000e+03
6.924000000000000000e+03
8.102000000000000000e+03
8.317000000000000000e+03
3.919000000000000000e+03
1.072300000000000000e+04
4.511000000000000000e+03
3.687000000000000000e+03
1.361000000000000000e+03
8.484000000000000000e+03
4.870000000000000000e+02
6.782000000000000000e+03
7.058000000000000000e+03
2.620000000000000000e+03
9.700000000000000000e+03
5.255000000000000000e+03
1.480000000000000000e+02
1.144200000000000000e+04
1.003000000000000000e+04
8.789000000000000000e+03
9.152000000000000000e+03
4.845000000000000000e+03
9.373000000000000000e+03
8.564000000000000000e+03
7.695000000000000000e+03
6.170000000000000000e+03
8.962000000000000000e+03
1.088000000000000000e+04
2.166000000000000000e+03
9.637000000000000000e+03
1.008800000000000000e+04
1.080000000000000000e+04
8.353000000000000000e+03
9.756000000000000000e+03
2.696000000000000000e+03
3.341000000000000000e+03
7.263000000000000000e+03
3.660000000000000000e+03
1.097400000000000000e+04
7.760000000000000000e+02
7.943000000000000000e+03
9.500000000000000000e+01
1.107600000000000000e+04
5.462000000000000000e+03
5.619000000000000000e+03
3.515000000000000000e+03
9.943000000000000000e+03
7.493000000000000000e+03
3.450000000000000000e+02
8.323000000000000000e+03
3.286000000000000000e+03
6.525000000000000000e+03
1.155700000000000000e+04
4.793000000000000000e+03
1.137300000000000000e+04
8.373000000000000000e+03
4.485000000000000000e+03
8.231000000000000000e+03
2.836000000000000000e+03
1.000900000000000000e+04
3.876000000000000000e+03
4.820000000000000000e+03
1.121200000000000000e+04
1.027300000000000000e+04
6.770000000000000000e+02
8.939000000000000000e+03
1.677000000000000000e+03
3.539000000000000000e+03
8.598000000000000000e+03
6.654000000000000000e+03
8.125000000000000000e+03
5.442000000000000000e+03
3.016000000000000000e+03
2.110000000000000000e+03
6.710000000000000000e+03
1.057000000000000000e+03
5.571000000000000000e+03
4.858000000000000000e+03
6.684000000000000000e+03
6.463000000000000000e+03
1.045300000000000000e+04
9.408000000000000000e+03
2.323000000000000000e+03
4.328000000000000000e+03
4.672000000000000000e+03
1.115100000000000000e+04
3.466000000000000000e+03
7.090000000000000000e+02
8.751000000000000000e+03
2.883000000000000000e+03
1.084000000000000000e+04
1.325000000000000000e+03
4.384000000000000000e+03
5.408000000000000000e+03
6.574000000000000000e+03
7.893000000000000000e+03
4.407000000000000000e+03
1.111000000000000000e+04
8.110000000000000000e+03
2.843000000000000000e+03
6.797000000000000000e+03
1.809000000000000000e+03
7.980000000000000000e+02
8.742000000000000000e+03
9.692000000000000000e+03
5.880000000000000000e+03
1.012200000000000000e+04
1.906000000000000000e+03
8.150000000000000000e+02
6.992000000000000000e+03
7.753000000000000000e+03
9.990000000000000000e+02
3.967000000000000000e+03
9.281000000000000000e+03
1.150300000000000000e+04
7.132000000000000000e+03
8.816000000000000000e+03
1.013500000000000000e+04
1.027400000000000000e+04
3.578000000000000000e+03
2.448000000000000000e+03
6.063000000000000000e+03
1.064000000000000000e+04
4.207000000000000000e+03
5.682000000000000000e+03
8.490000000000000000e+02
7.554000000000000000e+03
1.490000000000000000e+03
4.954000000000000000e+03
1.739000000000000000e+03
1.128000000000000000e+04
1.019000000000000000e+04
5.552000000000000000e+03
6.013000000000000000e+03
6.998000000000000000e+03
4.908000000000000000e+03
6.476000000000000000e+03
1.835000000000000000e+03
1.126400000000000000e+04
9.335000000000000000e+03
1.190000000000000000e+02
2.930000000000000000e+02
2.030000000000000000e+02
1.157000000000000000e+03
1.706000000000000000e+03
7.726000000000000000e+03
5.886000000000000000e+03
9.420000000000000000e+03
2.985000000000000000e+03
6.506000000000000000e+03
2.090000000000000000e+02
2.612000000000000000e+03
1.151000000000000000e+04
4.292000000000000000e+03
9.751000000000000000e+03
5.305000000000000000e+03
9.982000000000000000e+03
8.416000000000000000e+03
3.126000000000000000e+03
4.839000000000000000e+03
6.015000000000000000e+03
2.683000000000000000e+03
3.719000000000000000e+03
1.101400000000000000e+04
3.758000000000000000e+03
9.378000000000000000e+03
8.412000000000000000e+03
4.770000000000000000e+03
1.114000000000000000e+03
6.846000000000000000e+03
4.100000000000000000e+03
5.524000000000000000e+03
1.530000000000000000e+03
5.748000000000000000e+03
2.790000000000000000e+02
9.668000000000000000e+03
3.357000000000000000e+03
7.458000000000000000e+03
4.695000000000000000e+03
3.540000000000000000e+02
7.900000000000000000e+01
4.582000000000000000e+03
9.804000000000000000e+03
4.624000000000000000e+03
6.667000000000000000e+03
7.761000000000000000e+03
8.263000000000000000e+03
1.006300000000000000e+04
9.643000000000000000e+03
2.949000000000000000e+03
2.440000000000000000e+03
2.156000000000000000e+03
1.105000000000000000e+04
5.220000000000000000e+03
1.092200000000000000e+04
2.329000000000000000e+03
1.083700000000000000e+04
1.127500000000000000e+04
7.831000000000000000e+03
7.480000000000000000e+02
1.948000000000000000e+03
1.007200000000000000e+04
6.300000000000000000e+03
5.721000000000000000e+03
2.054000000000000000e+03
8.720000000000000000e+03
9.495000000000000000e+03
9.533000000000000000e+03
1.015000000000000000e+04
9.470000000000000000e+02
5.150000000000000000e+03
5.259000000000000000e+03
9.472000000000000000e+03
7.532000000000000000e+03
5.988000000000000000e+03
2.566000000000000000e+03
1.005600000000000000e+04
6.572000000000000000e+03
2.550000000000000000e+02
3.544000000000000000e+03
3.556000000000000000e+03
1.142400000000000000e+04
1.625000000000000000e+03
1.395000000000000000e+03
3.898000000000000000e+03
2.199000000000000000e+03
3.741000000000000000e+03
9.684000000000000000e+03
9.283000000000000000e+03
5.367000000000000000e+03
2.950000000000000000e+02
6.970000000000000000e+02
1.520000000000000000e+03
8.686000000000000000e+03
4.472000000000000000e+03
2.918000000000000000e+03
3.808000000000000000e+03
8.820000000000000000e+02
8.869000000000000000e+03
1.035700000000000000e+04
2.832000000000000000e+03
2.960000000000000000e+03
1.035500000000000000e+04
5.245000000000000000e+03
6.418000000000000000e+03
4.998000000000000000e+03
5.976000000000000000e+03
7.677000000000000000e+03
7.763000000000000000e+03
1.024200000000000000e+04
1.144800000000000000e+04
1.380000000000000000e+03
1.030300000000000000e+04
2.890000000000000000e+02
8.780000000000000000e+02
3.572000000000000000e+03
5.092000000000000000e+03
3.991000000000000000e+03
9.935000000000000000e+03
1.103700000000000000e+04
1.116800000000000000e+04
5.517000000000000000e+03
9.305000000000000000e+03
5.487000000000000000e+03
9.869000000000000000e+03
9.484000000000000000e+03
9.988000000000000000e+03
4.360000000000000000e+03
9.981000000000000000e+03
4.248000000000000000e+03
5.708000000000000000e+03
8.027000000000000000e+03
6.527000000000000000e+03
5.559000000000000000e+03
6.275000000000000000e+03
7.800000000000000000e+03
6.787000000000000000e+03
8.365000000000000000e+03
1.132900000000000000e+04
5.538000000000000000e+03
5.425000000000000000e+03
2.915000000000000000e+03
1.099100000000000000e+04
2.960000000000000000e+02
8.976000000000000000e+03
4.810000000000000000e+02
1.077200000000000000e+04
5.580000000000000000e+02
7.153000000000000000e+03
9.109000000000000000e+03
1.233000000000000000e+03
1.898000000000000000e+03
4.452000000000000000e+03
4.916000000000000000e+03
6.784000000000000000e+03
4.140000000000000000e+03
8.415000000000000000e+03
6.982000000000000000e+03
4.230000000000000000e+03
3.468000000000000000e+03
1.600000000000000000e+01
8.434000000000000000e+03
3.070000000000000000e+02
4.327000000000000000e+03
1.097600000000000000e+04
4.470000000000000000e+02
9.297000000000000000e+03
6.900000000000000000e+01
1.102700000000000000e+04
4.803000000000000000e+03
6.962000000000000000e+03
1.115500000000000000e+04
6.234000000000000000e+03
5.477000000000000000e+03
2.055000000000000000e+03
5.369000000000000000e+03
2.781000000000000000e+03
3.897000000000000000e+03
6.904000000000000000e+03
6.662000000000000000e+03
8.750000000000000000e+02
5.061000000000000000e+03
1.094600000000000000e+04
1.037000000000000000e+04
5.160000000000000000e+03
2.452000000000000000e+03
8.220000000000000000e+03
1.861000000000000000e+03
8.639000000000000000e+03
1.742000000000000000e+03
9.945000000000000000e+03
2.338000000000000000e+03
1.147400000000000000e+04
9.209000000000000000e+03
6.807000000000000000e+03
9.453000000000000000e+03
1.028300000000000000e+04
7.473000000000000000e+03
5.045000000000000000e+03
4.891000000000000000e+03
1.072600000000000000e+04
5.700000000000000000e+03
3.108000000000000000e+03
6.406000000000000000e+03
7.474000000000000000e+03
1.726000000000000000e+03
1.760000000000000000e+03
7.380000000000000000e+03
8.800000000000000000e+02
3.213000000000000000e+03
1.630000000000000000e+02
6.499000000000000000e+03
3.956000000000000000e+03
3.458000000000000000e+03
5.585000000000000000e+03
9.000000000000000000e+02
1.094700000000000000e+04
3.041000000000000000e+03
5.413000000000000000e+03
2.655000000000000000e+03
9.066000000000000000e+03
7.895000000000000000e+03
8.881000000000000000e+03
1.138400000000000000e+04
1.021000000000000000e+03
9.386000000000000000e+03
9.669000000000000000e+03
7.944000000000000000e+03
9.004000000000000000e+03
1.131800000000000000e+04
4.812000000000000000e+03
1.088500000000000000e+04
1.477000000000000000e+03
4.110000000000000000e+03
7.138000000000000000e+03
8.462000000000000000e+03
7.648000000000000000e+03
6.436000000000000000e+03
5.943000000000000000e+03
2.290000000000000000e+02
3.359000000000000000e+03
6.658000000000000000e+03
9.940000000000000000e+03
4.139000000000000000e+03
8.501000000000000000e+03
8.195000000000000000e+03
1.008700000000000000e+04
1.219000000000000000e+03
1.615000000000000000e+03
9.505000000000000000e+03
5.547000000000000000e+03
1.333000000000000000e+03
1.720000000000000000e+02
5.458000000000000000e+03
2.069000000000000000e+03
5.599000000000000000e+03
1.055000000000000000e+04
6.240000000000000000e+03
3.688000000000000000e+03
8.107000000000000000e+03
1.370000000000000000e+02
1.505000000000000000e+03
7.364000000000000000e+03
9.853000000000000000e+03
3.113000000000000000e+03
3.344000000000000000e+03
1.122700000000000000e+04
2.604000000000000000e+03
3.788000000000000000e+03
5.384000000000000000e+03
1.094000000000000000e+04
6.907000000000000000e+03
2.304000000000000000e+03
5.234000000000000000e+03
3.192000000000000000e+03
3.450000000000000000e+03
6.699000000000000000e+03
5.248000000000000000e+03
5.871000000000000000e+03
5.348000000000000000e+03
8.587000000000000000e+03
1.532000000000000000e+03
7.942000000000000000e+03
1.069100000000000000e+04
1.011000000000000000e+04
2.204000000000000000e+03
6.852000000000000000e+03
1.067900000000000000e+04
5.892000000000000000e+03
3.139000000000000000e+03
8.120000000000000000e+03
7.854000000000000000e+03
8.966000000000000000e+03
9.350000000000000000e+02
6.944000000000000000e+03
8.158000000000000000e+03
9.400000000000000000e+03
7.742000000000000000e+03
1.065500000000000000e+04
3.467000000000000000e+03
5.203000000000000000e+03
4.584000000000000000e+03
1.132300000000000000e+04
1.101000000000000000e+03
9.611000000000000000e+03
9.310000000000000000e+02
5.519000000000000000e+03
6.730000000000000000e+03
7.498000000000000000e+03
1.034300000000000000e+04
6.715000000000000000e+03
1.110100000000000000e+04
8.320000000000000000e+03
2.028000000000000000e+03
1.071300000000000000e+04
3.737000000000000000e+03
1.031100000000000000e+04
6.467000000000000000e+03
9.290000000000000000e+02
9.995000000000000000e+03
6.341000000000000000e+03
4.801000000000000000e+03
9.399000000000000000e+03
1.017500000000000000e+04
4.102000000000000000e+03
4.329000000000000000e+03
7.514000000000000000e+03
1.204000000000000000e+03
1.039400000000000000e+04
7.125000000000000000e+03
3.803000000000000000e+03
8.508000000000000000e+03
1.038900000000000000e+04
6.955000000000000000e+03
8.573000000000000000e+03
2.401000000000000000e+03
1.850000000000000000e+03
8.459000000000000000e+03
8.941000000000000000e+03
8.030000000000000000e+03
6.172000000000000000e+03
9.575000000000000000e+03
3.078000000000000000e+03
6.268000000000000000e+03
9.457000000000000000e+03
5.173000000000000000e+03
1.337000000000000000e+03
6.668000000000000000e+03
8.370000000000000000e+02
7.862000000000000000e+03
4.141000000000000000e+03
2.372000000000000000e+03
9.813000000000000000e+03
2.978000000000000000e+03
4.073000000000000000e+03
1.985000000000000000e+03
5.355000000000000000e+03
3.886000000000000000e+03
9.039000000000000000e+03
2.217000000000000000e+03
9.121000000000000000e+03
7.546000000000000000e+03
6.290000000000000000e+02
1.766000000000000000e+03
9.140000000000000000e+03
7.316000000000000000e+03
1.026900000000000000e+04
5.693000000000000000e+03
6.159000000000000000e+03
3.188000000000000000e+03
5.292000000000000000e+03
5.063000000000000000e+03
1.081200000000000000e+04
8.917000000000000000e+03
1.049100000000000000e+04
1.104300000000000000e+04
4.588000000000000000e+03
5.668000000000000000e+03
9.905000000000000000e+03
7.940000000000000000e+03
8.754000000000000000e+03
8.668000000000000000e+03
8.576000000000000000e+03
2.775000000000000000e+03
5.570000000000000000e+03
7.198000000000000000e+03
4.821000000000000000e+03
5.289000000000000000e+03
3.487000000000000000e+03
9.269000000000000000e+03
6.752000000000000000e+03
6.308000000000000000e+03
2.174000000000000000e+03
1.910000000000000000e+03
1.115900000000000000e+04
1.023800000000000000e+04
2.327000000000000000e+03
1.618000000000000000e+03
2.095000000000000000e+03
4.224000000000000000e+03
1.056600000000000000e+04
1.093100000000000000e+04
8.490000000000000000e+03
7.739000000000000000e+03
2.084000000000000000e+03
1.043000000000000000e+03
1.089700000000000000e+04
4.643000000000000000e+03
1.015300000000000000e+04
3.551000000000000000e+03
5.086000000000000000e+03
5.231000000000000000e+03
1.149300000000000000e+04
2.382000000000000000e+03
7.045000000000000000e+03
2.522000000000000000e+03
2.169000000000000000e+03
1.081500000000000000e+04
5.587000000000000000e+03
2.146000000000000000e+03
1.240000000000000000e+03
3.583000000000000000e+03
1.084600000000000000e+04
8.460000000000000000e+02
4.237000000000000000e+03
1.117700000000000000e+04
3.780000000000000000e+03
7.304000000000000000e+03
9.149000000000000000e+03
3.721000000000000000e+03
5.863000000000000000e+03
3.183000000000000000e+03
1.047300000000000000e+04
8.383000000000000000e+03
8.832000000000000000e+03
1.278000000000000000e+03
4.410000000000000000e+02
6.043000000000000000e+03
4.667000000000000000e+03
5.102000000000000000e+03
5.038000000000000000e+03
9.339000000000000000e+03
1.042000000000000000e+03
8.111000000000000000e+03
3.875000000000000000e+03
2.963000000000000000e+03
1.400000000000000000e+02
9.838000000000000000e+03
7.666000000000000000e+03
3.674000000000000000e+03
1.407000000000000000e+03
8.424000000000000000e+03
1.090000000000000000e+02
3.566000000000000000e+03
3.349000000000000000e+03
4.451000000000000000e+03
8.203000000000000000e+03
3.630000000000000000e+02
8.575000000000000000e+03
5.950000000000000000e+03
7.938000000000000000e+03
1.142500000000000000e+04
6.403000000000000000e+03
1.579000000000000000e+03
4.200000000000000000e+01
4.371000000000000000e+03
9.635000000000000000e+03
1.631000000000000000e+03
6.198000000000000000e+03
5.932000000000000000e+03
7.967000000000000000e+03
2.940000000000000000e+02
1.011200000000000000e+04
5.070000000000000000e+03
1.620000000000000000e+03
3.798000000000000000e+03
7.788000000000000000e+03
7.001000000000000000e+03
2.300000000000000000e+01
8.222000000000000000e+03
6.224000000000000000e+03
2.220000000000000000e+03
5.743000000000000000e+03
5.803000000000000000e+03
4.129000000000000000e+03
1.880000000000000000e+02
1.013700000000000000e+04
3.105000000000000000e+03
1.089400000000000000e+04
2.828000000000000000e+03
9.217000000000000000e+03
3.200000000000000000e+02
4.969000000000000000e+03
8.060000000000000000e+02
1.038800000000000000e+04
5.512000000000000000e+03
5.120000000000000000e+02
1.057000000000000000e+04
7.104000000000000000e+03
7.297000000000000000e+03
1.830000000000000000e+02
3.864000000000000000e+03
7.999000000000000000e+03
2.916000000000000000e+03
3.160000000000000000e+03
1.062100000000000000e+04
8.002000000000000000e+03
7.172000000000000000e+03
1.143000000000000000e+03
8.260000000000000000e+02
2.784000000000000000e+03
4.194000000000000000e+03
8.381000000000000000e+03
1.128500000000000000e+04
6.524000000000000000e+03
9.795000000000000000e+03
7.612000000000000000e+03
9.881000000000000000e+03
2.543000000000000000e+03
1.018200000000000000e+04
3.302000000000000000e+03
3.934000000000000000e+03
1.662000000000000000e+03
7.269000000000000000e+03
3.550000000000000000e+02
1.358000000000000000e+03
6.900000000000000000e+03
8.895000000000000000e+03
5.744000000000000000e+03
6.709000000000000000e+03
5.679000000000000000e+03
1.826000000000000000e+03
3.433000000000000000e+03
1.071700000000000000e+04
2.853000000000000000e+03
3.480000000000000000e+02
9.779000000000000000e+03
9.222000000000000000e+03
1.728000000000000000e+03
9.748000000000000000e+03
1.036900000000000000e+04
5.022000000000000000e+03
2.343000000000000000e+03
8.404000000000000000e+03
6.480000000000000000e+03
9.090000000000000000e+02
4.760000000000000000e+03
6.927000000000000000e+03
5.854000000000000000e+03
1.489000000000000000e+03
3.262000000000000000e+03
3.560000000000000000e+03
6.849000000000000000e+03
4.135000000000000000e+03
8.088000000000000000e+03
5.085000000000000000e+03
2.619000000000000000e+03
8.745000000000000000e+03
1.050300000000000000e+04
8.626000000000000000e+03
5.515000000000000000e+03
7.520000000000000000e+03
8.987000000000000000e+03
4.644000000000000000e+03
3.322000000000000000e+03
2.430000000000000000e+02
9.494000000000000000e+03
1.098000000000000000e+03
7.185000000000000000e+03
1.418000000000000000e+03
6.883000000000000000e+03
9.719000000000000000e+03
1.010900000000000000e+04
5.876000000000000000e+03
1.072200000000000000e+04
4.484000000000000000e+03
1.908000000000000000e+03
1.141700000000000000e+04
5.706000000000000000e+03
7.060000000000000000e+02
7.135000000000000000e+03
3.535000000000000000e+03
1.425000000000000000e+03
1.071100000000000000e+04
4.994000000000000000e+03
2.429000000000000000e+03
1.080000000000000000e+02
4.733000000000000000e+03
6.867000000000000000e+03
5.941000000000000000e+03
7.550000000000000000e+03
2.802000000000000000e+03
1.068900000000000000e+04
3.820000000000000000e+02
2.101000000000000000e+03
2.950000000000000000e+03
1.134900000000000000e+04
1.386000000000000000e+03
1.127600000000000000e+04
1.811000000000000000e+03
1.688000000000000000e+03
9.036000000000000000e+03
7.796000000000000000e+03
2.228000000000000000e+03
7.023000000000000000e+03
3.084000000000000000e+03
4.505000000000000000e+03
3.375000000000000000e+03
5.374000000000000000e+03
1.002800000000000000e+04
4.437000000000000000e+03
8.625000000000000000e+03
9.687000000000000000e+03
9.340000000000000000e+02
8.439000000000000000e+03
3.198000000000000000e+03
1.110800000000000000e+04
1.064500000000000000e+04
7.213000000000000000e+03
4.730000000000000000e+02
4.425000000000000000e+03
1.672000000000000000e+03
1.012300000000000000e+04
1.101300000000000000e+04
4.632000000000000000e+03
6.757000000000000000e+03
8.608000000000000000e+03
2.588000000000000000e+03
9.461000000000000000e+03
5.649000000000000000e+03
4.900000000000000000e+01
1.263000000000000000e+03
7.445000000000000000e+03
1.012900000000000000e+04
1.055800000000000000e+04
5.450000000000000000e+02
1.006600000000000000e+04
6.340000000000000000e+02
2.373000000000000000e+03
1.051600000000000000e+04
1.014500000000000000e+04
1.115000000000000000e+03
3.745000000000000000e+03
4.587000000000000000e+03
1.362000000000000000e+03
9.707000000000000000e+03
9.460000000000000000e+03
1.061000000000000000e+03
1.989000000000000000e+03
3.454000000000000000e+03
1.907000000000000000e+03
6.375000000000000000e+03
7.194000000000000000e+03
5.684000000000000000e+03
1.081400000000000000e+04
1.803000000000000000e+03
6.194000000000000000e+03
8.155000000000000000e+03
1.122200000000000000e+04
4.960000000000000000e+02
3.422000000000000000e+03
8.170000000000000000e+02
4.951000000000000000e+03
9.140000000000000000e+02
5.590000000000000000e+03
4.536000000000000000e+03
3.929000000000000000e+03
3.497000000000000000e+03
2.510000000000000000e+03
2.163000000000000000e+03
2.298000000000000000e+03
7.389000000000000000e+03
5.971000000000000000e+03
3.585000000000000000e+03
8.340000000000000000e+02
7.456000000000000000e+03
1.125400000000000000e+04
6.177000000000000000e+03
6.027000000000000000e+03
7.487000000000000000e+03
8.759000000000000000e+03
5.287000000000000000e+03
4.128000000000000000e+03
9.136000000000000000e+03
1.209000000000000000e+03
1.197000000000000000e+03
7.450000000000000000e+03
7.950000000000000000e+02
3.232000000000000000e+03
7.720000000000000000e+03
1.374000000000000000e+03
1.417000000000000000e+03
2.158000000000000000e+03
6.978000000000000000e+03
1.715000000000000000e+03
6.874000000000000000e+03
8.648000000000000000e+03
3.271000000000000000e+03
6.800000000000000000e+02
7.243000000000000000e+03
5.490000000000000000e+02
6.280000000000000000e+03
5.675000000000000000e+03
7.259000000000000000e+03
8.915000000000000000e+03
5.696000000000000000e+03
8.287000000000000000e+03
4.311000000000000000e+03
8.615000000000000000e+03
3.884000000000000000e+03
4.066000000000000000e+03
8.258000000000000000e+03
1.794000000000000000e+03
1.119000000000000000e+03
8.746000000000000000e+03
1.100500000000000000e+04
1.018900000000000000e+04
2.273000000000000000e+03
1.010000000000000000e+03
2.973000000000000000e+03
9.894000000000000000e+03
1.220000000000000000e+03
1.435000000000000000e+03
1.121000000000000000e+04
5.091000000000000000e+03
1.128000000000000000e+03
1.136800000000000000e+04
4.876000000000000000e+03
5.787000000000000000e+03
1.675000000000000000e+03
1.368000000000000000e+03
1.691000000000000000e+03
1.405000000000000000e+03
1.198000000000000000e+03
1.106400000000000000e+04
2.261000000000000000e+03
1.060800000000000000e+04
8.891000000000000000e+03
3.997000000000000000e+03
3.006000000000000000e+03
5.699000000000000000e+03
9.100000000000000000e+01
1.167000000000000000e+03
5.577000000000000000e+03
6.834000000000000000e+03
1.552000000000000000e+03
1.750000000000000000e+03
7.369000000000000000e+03
1.029100000000000000e+04
9.879000000000000000e+03
1.194000000000000000e+03
9.049000000000000000e+03
3.384000000000000000e+03
2.624000000000000000e+03
4.345000000000000000e+03
6.114000000000000000e+03
1.096800000000000000e+04
1.750000000000000000e+02
1.077900000000000000e+04
6.951000000000000000e+03
9.086000000000000000e+03
7.305000000000000000e+03
2.124000000000000000e+03
4.660000000000000000e+03
8.707000000000000000e+03
1.040100000000000000e+04
7.478000000000000000e+03
5.156000000000000000e+03
1.134000000000000000e+04
4.700000000000000000e+01
1.103400000000000000e+04
9.398000000000000000e+03
4.930000000000000000e+03
9.660000000000000000e+02
8.399000000000000000e+03
2.370000000000000000e+02
4.456000000000000000e+03
9.038000000000000000e+03
5.719000000000000000e+03
8.154000000000000000e+03
1.105200000000000000e+04
1.360000000000000000e+02
1.051000000000000000e+03
7.415000000000000000e+03
7.617000000000000000e+03
8.578000000000000000e+03
4.815000000000000000e+03
8.436000000000000000e+03
4.378000000000000000e+03
2.848000000000000000e+03
3.762000000000000000e+03
3.115000000000000000e+03
2.728000000000000000e+03
1.598000000000000000e+03
1.819000000000000000e+03
7.817000000000000000e+03
9.510000000000000000e+03
6.718000000000000000e+03
3.020000000000000000e+03
1.066800000000000000e+04
8.210000000000000000e+02
1.112500000000000000e+04
8.350000000000000000e+02
5.970000000000000000e+02
9.033000000000000000e+03
2.244000000000000000e+03
9.365000000000000000e+03
9.839000000000000000e+03
6.398000000000000000e+03
8.410000000000000000e+02
7.276000000000000000e+03
4.538000000000000000e+03
1.141000000000000000e+03
8.624000000000000000e+03
5.754000000000000000e+03
3.646000000000000000e+03
9.640000000000000000e+03
1.206000000000000000e+03
1.947000000000000000e+03
6.769000000000000000e+03
9.638000000000000000e+03
1.153400000000000000e+04
6.267000000000000000e+03
6.547000000000000000e+03
1.600000000000000000e+03
1.065100000000000000e+04
1.357000000000000000e+03
4.924000000000000000e+03
6.130000000000000000e+02
1.028100000000000000e+04
1.020600000000000000e+04
7.131000000000000000e+03
1.616000000000000000e+03
3.895000000000000000e+03
1.541000000000000000e+03
6.860000000000000000e+02
6.773000000000000000e+03
1.046000000000000000e+03
2.662000000000000000e+03
9.270000000000000000e+02
1.623000000000000000e+03
4.124000000000000000e+03
1.249000000000000000e+03
4.514000000000000000e+03
8.089000000000000000e+03
1.039600000000000000e+04
2.300000000000000000e+03
6.241000000000000000e+03
3.079000000000000000e+03
7.881000000000000000e+03
6.140000000000000000e+02
2.123000000000000000e+03
1.860000000000000000e+03
1.299000000000000000e+03
7.074000000000000000e+03
9.375000000000000000e+03
7.645000000000000000e+03
8.603000000000000000e+03
6.347000000000000000e+03
1.103300000000000000e+04
1.506000000000000000e+03
2.002000000000000000e+03
3.444000000000000000e+03
1.115200000000000000e+04
1.080800000000000000e+04
5.800000000000000000e+03
8.590000000000000000e+02
7.549000000000000000e+03
9.401000000000000000e+03
3.650000000000000000e+03
3.565000000000000000e+03
9.190000000000000000e+03
3.833000000000000000e+03
6.293000000000000000e+03
1.103500000000000000e+04
1.124900000000000000e+04
1.134700000000000000e+04
4.664000000000000000e+03
1.028200000000000000e+04
3.069000000000000000e+03
9.139000000000000000e+03
9.834000000000000000e+03
4.704000000000000000e+03
2.025000000000000000e+03
2.506000000000000000e+03
6.639000000000000000e+03
9.830000000000000000e+03
3.327000000000000000e+03
1.033200000000000000e+04
7.030000000000000000e+02
8.850000000000000000e+03
6.250000000000000000e+03
2.280000000000000000e+02
1.072000000000000000e+04
1.045600000000000000e+04
9.921000000000000000e+03
6.690000000000000000e+03
1.073300000000000000e+04
2.540000000000000000e+02
5.681000000000000000e+03
1.034900000000000000e+04
9.070000000000000000e+02
7.424000000000000000e+03
5.630000000000000000e+02
1.042000000000000000e+04
9.520000000000000000e+03
8.723000000000000000e+03
4.977000000000000000e+03
3.810000000000000000e+02
3.020000000000000000e+02
2.160000000000000000e+02
7.708000000000000000e+03
3.770000000000000000e+02
7.826000000000000000e+03
1.390000000000000000e+03
1.921000000000000000e+03
9.342000000000000000e+03
1.954000000000000000e+03
6.577000000000000000e+03
2.320000000000000000e+02
9.737000000000000000e+03
1.287000000000000000e+03
5.617000000000000000e+03
9.251000000000000000e+03
4.359000000000000000e+03
1.606000000000000000e+03
6.611000000000000000e+03
8.039000000000000000e+03
9.085000000000000000e+03
1.123200000000000000e+04
5.157000000000000000e+03
7.776000000000000000e+03
2.107000000000000000e+03
5.620000000000000000e+02
1.023600000000000000e+04
4.206000000000000000e+03
4.027000000000000000e+03
1.153600000000000000e+04
5.094000000000000000e+03
8.698000000000000000e+03
1.100900000000000000e+04
8.217000000000000000e+03
2.980000000000000000e+03
9.878000000000000000e+03
3.747000000000000000e+03
5.672000000000000000e+03
1.015200000000000000e+04
1.080200000000000000e+04
9.900000000000000000e+03
5.926000000000000000e+03
6.045000000000000000e+03
1.911000000000000000e+03
9.785000000000000000e+03
3.920000000000000000e+03
7.401000000000000000e+03
1.857000000000000000e+03
6.216000000000000000e+03
1.070000000000000000e+03
9.123000000000000000e+03
3.784000000000000000e+03
7.280000000000000000e+02
9.882000000000000000e+03
1.976000000000000000e+03
8.782000000000000000e+03
9.200000000000000000e+01
1.065300000000000000e+04
2.164000000000000000e+03
5.849000000000000000e+03
1.148600000000000000e+04
8.600000000000000000e+02
4.547000000000000000e+03
2.742000000000000000e+03
8.060000000000000000e+03
1.152900000000000000e+04
3.805000000000000000e+03
7.525000000000000000e+03
4.975000000000000000e+03
2.033000000000000000e+03
6.121000000000000000e+03
7.142000000000000000e+03
4.603000000000000000e+03
4.681000000000000000e+03
1.005900000000000000e+04
8.101000000000000000e+03
9.907000000000000000e+03
4.048000000000000000e+03
8.607000000000000000e+03
1.755000000000000000e+03
7.719000000000000000e+03
8.960000000000000000e+02
3.169000000000000000e+03
8.469000000000000000e+03
5.711000000000000000e+03
1.052600000000000000e+04
8.935000000000000000e+03
2.521000000000000000e+03
8.283000000000000000e+03
1.719000000000000000e+03
6.287000000000000000e+03
5.025000000000000000e+03
6.185000000000000000e+03
3.910000000000000000e+03
9.523000000000000000e+03
2.339000000000000000e+03
5.632000000000000000e+03
4.022000000000000000e+03
5.970000000000000000e+03
1.676000000000000000e+03
9.417000000000000000e+03
5.221000000000000000e+03
5.317000000000000000e+03
3.874000000000000000e+03
8.075000000000000000e+03
1.745000000000000000e+03
2.725000000000000000e+03
5.510000000000000000e+02
5.536000000000000000e+03
2.235000000000000000e+03
4.392000000000000000e+03
8.184000000000000000e+03
4.826000000000000000e+03
3.148000000000000000e+03
5.283000000000000000e+03
2.924000000000000000e+03
7.273000000000000000e+03
4.651000000000000000e+03
4.288000000000000000e+03
2.568000000000000000e+03
8.596000000000000000e+03
6.720000000000000000e+03
1.076100000000000000e+04
1.065900000000000000e+04
1.416000000000000000e+03
7.301000000000000000e+03
2.041000000000000000e+03
1.137700000000000000e+04
4.725000000000000000e+03
6.154000000000000000e+03
5.946000000000000000e+03
3.035000000000000000e+03
6.816000000000000000e+03
4.060000000000000000e+03
7.823000000000000000e+03
3.180000000000000000e+03
1.727000000000000000e+03
9.182000000000000000e+03
1.069200000000000000e+04
9.247000000000000000e+03
4.210000000000000000e+03
5.602000000000000000e+03
5.872000000000000000e+03
7.586000000000000000e+03
9.596000000000000000e+03
1.000400000000000000e+04
8.169000000000000000e+03
1.114600000000000000e+04
4.683000000000000000e+03
1.149200000000000000e+04
9.535000000000000000e+03
1.113000000000000000e+04
6.006000000000000000e+03
1.034800000000000000e+04
9.544000000000000000e+03
9.537000000000000000e+03
9.542000000000000000e+03
8.160000000000000000e+03
4.746000000000000000e+03
4.380000000000000000e+02
